1 1848 1449 36
2 235 269 108
3 1421 668 59
4 1225 343 475
5 2180 2473 422
6 1039 192 238
7 2324 1655 337
8 1583 2028 226
9 2227 1204 477
10 799 947 396
11 760 150 210
12 1405 16 23
13 2500 445 389
14 1395 298 68
15 2283 1191 301
16 1807 2346 468
17 2453 2024 475
18 320 58 349
19 1990 522 339
20 2377 184 329
21 660 942 423
22 197 1586 126
23 1968 739 267
24 589 521 2
25 1232 1933 117
26 1583 2128 52
27 205 61 121
28 2343 1545 112
29 1982 1303 76
30 897 2236 196
31 878 1930 410
32 2303 1068 486
33 2269 566 277
34 455 2164 304
35 799 2333 109
36 1667 104 12
37 1233 1848 65
38 692 1811 21
39 810 1885 341
40 731 2144 297
41 482 1037 327
42 2152 248 117
43 2179 887 70
44 272 399 398
45 1330 29 189
46 505 210 295
47 381 1430 384
48 1469 953 48
49 16 2420 314
50 1003 2026 43
51 793 320 62
52 1934 549 74
53 2013 445 153
54 67 401 277
55 401 1017 500
56 2213 1182 316
57 2442 215 64
58 2360 2345 9
59 185 1437 78
60 227 1316 99
61 1335 1196 383
62 2049 1699 53
63 614 930 266
64 715 2440 242
65 1543 2480 284
66 647 1876 64
67 915 551 17
68 2474 820 183
69 1536 1901 313
70 710 1113 203
71 505 421 274
72 733 11 123
73 2282 909 302
74 668 1048 70
75 694 567 55
76 781 236 481
77 2316 2101 154
78 990 940 260
79 1010 1338 153
80 941 1209 285
81 812 1302 188
82 208 2392 100
83 919 2060 82
84 338 1531 77
85 601 312 70
86 1964 1469 80
87 1576 786 5
88 518 433 161
89 610 621 238
90 1554 739 321
91 1146 893 215
92 2158 1066 472
93 1558 1263 1
94 687 783 53
95 1751 921 406
96 1995 1456 456
97 662 1470 489
98 1463 1408 41
99 1938 213 296
100 1074 1639 274
101 1220 1233 434
102 1854 1111 235
103 1315 730 166
104 2163 788 352
105 622 1017 146
106 651 715 88
107 1416 647 470
108 182 91 167
109 1283 1311 439
110 2116 2221 126
111 1358 387 142
112 1532 1027 44
113 1963 2487 103
114 974 2449 84
115 236 1986 315
116 2186 2245 480
117 616 1894 374
118 1081 2336 488
119 1841 307 143
120 259 1099 287
121 1318 1414 131
122 1617 271 307
123 1380 1495 447
124 1700 1029 315
125 155 330 37
126 1739 4 329
127 1772 175 193
128 1131 1791 426
129 1500 116 420
130 570 2212 391
131 1102 799 2
132 252 2093 11
133 389 1470 165
134 727 164 177
135 1794 74 144
136 1436 2095 166
137 1500 2468 379
138 1216 1605 249
139 1634 1022 254
140 43 2172 269
141 1049 325 261
142 1302 2353 78
143 2345 2037 269
144 512 950 396
145 1941 666 325
146 58 427 95
147 2158 1547 84
148 538 1653 473
149 2170 893 158
150 345 2463 264
151 1068 1956 104
152 854 1654 194
153 2284 1971 258
154 2092 627 211
155 1080 714 239
156 472 1655 416
157 2202 243 339
158 706 210 172
159 1859 1755 230
160 755 1669 207
161 39 463 201
162 2226 132 130
163 1051 2285 238
164 1976 1170 447
165 1911 2457 281
166 609 1329 318
167 1940 1939 472
168 768 1009 251
169 857 2160 64
170 913 2291 58
171 2234 1612 273
172 121 2482 71
173 564 849 487
174 1385 1603 280
175 1722 1371 21
176 595 899 193
177 1264 1696 487
178 2088 996 401
179 456 22 202
180 568 1482 432
181 1159 2112 106
182 1645 1793 297
183 1725 2088 226
184 46 2350 68
185 396 2211 301
186 2336 65 125
187 725 363 303
188 1447 1281 114
189 147 804 416
190 1663 1172 399
191 1919 1267 427
192 2119 259 104
193 2319 2095 36
194 2177 1496 38
195 1864 452 489
196 889 2205 193
197 1990 114 307
198 869 814 101
199 1402 1814 182
200 647 1049 254
201 424 2358 423
202 112 2464 56
203 511 454 376
204 1247 1043 485
205 1139 1789 373
206 323 2500 287
207 2471 1903 50
208 2423 633 284
209 802 644 497
210 2323 475 39
211 2015 2399 113
212 2051 2095 279
213 164 234 309
214 943 528 398
215 1359 125 411
216 811 1785 331
217 2047 1943 434
218 1505 955 453
219 1368 844 110
220 1776 1355 430
221 823 983 215
222 43 623 345
223 2147 357 292
224 1951 1341 331
225 2162 2135 372
226 1000 444 48
227 1817 1603 62
228 1408 1439 220
229 1551 885 350
230 426 2290 19
231 176 7 446
232 2461 499 92
233 2499 1412 222
234 1109 1375 429
235 1855 71 94
236 1278 2002 19
237 2354 1327 432
238 386 1136 367
239 1734 2271 436
240 810 149 308
241 1295 1055 91
242 2345 1280 263
243 1901 751 128
244 1541 170 276
245 2079 1073 371
246 109 425 120
247 1392 1677 329
248 2021 990 438
249 565 858 11
250 747 459 390
251 2080 1959 57
252 1415 1385 296
253 1545 2062 164
254 328 687 359
255 2072 2114 243
256 2015 1197 167
257 658 475 255
258 1211 441 106
259 1203 1354 30
260 960 301 295
261 1788 1563 222
262 128 110 52
263 2406 837 268
264 2290 108 47
265 927 1054 439
266 2222 1842 266
267 2374 431 37
268 1078 334 84
269 1826 2078 279
270 114 2122 329
271 793 20 279
272 1487 962 285
273 1629 2305 49
274 1844 735 286
275 2037 1189 336
276 1634 1481 21
277 1470 520 88
278 2226 1979 130
279 874 785 107
280 788 634 421
281 2158 2422 262
282 1105 720 206
283 1465 527 439
284 2354 711 308
285 2073 780 36
286 620 1975 36
287 2275 1810 177
288 495 465 249
289 479 2057 355
290 2401 2226 413
291 497 2349 41
292 478 333 175
293 943 290 448
294 1347 546 479
295 516 1046 249
296 1206 1456 417
297 1351 643 104
298 1885 157 492
299 2212 1866 322
300 1469 1880 81
301 2269 157 467
302 221 299 273
303 38 1213 148
304 453 2120 395
305 2158 2229 327
306 1789 2020 437
307 1440 1081 9
308 1079 425 36
309 616 1139 162
310 1119 207 125
311 1150 1401 41
312 736 227 229
313 2397 575 316
314 2480 2427 332
315 112 917 397
316 1618 813 453
317 455 1292 50
318 1578 768 25
319 1422 2036 47
320 1695 1965 482
321 1419 2486 9
322 1708 7 430
323 2123 713 494
324 1109 1316 360
325 1795 239 240
326 1932 2266 37
327 1370 516 224
328 793 365 42
329 1916 1248 34
330 1880 950 405
331 606 725 137
332 1298 301 154
333 2301 46 107
334 1673 687 482
335 1670 980 446
336 1138 752 87
337 1266 11 77
338 451 1580 418
339 1226 495 462
340 1420 874 113
341 781 1794 462
342 2267 1121 4
343 485 684 288
344 2285 2125 409
345 1215 678 441
346 2356 726 348
347 1164 300 151
348 962 1867 229
349 139 1200 27
350 67 1281 297
351 1466 2450 320
352 1415 1544 55
353 1892 1120 265
354 1358 368 51
355 2382 2041 223
356 2290 882 237
357 712 1839 268
358 877 1797 389
359 391 1068 385
360 711 1801 400
361 622 516 225
362 632 58 167
363 2052 1543 337
364 2271 1091 483
365 681 1592 279
366 193 1005 332
367 917 507 360
368 301 2137 80
369 1694 1360 378
370 2160 222 51
371 221 1404 376
372 2328 652 94
373 2361 528 370
374 1786 1260 360
375 2497 1547 174
376 623 1371 169
377 200 1359 137
378 1529 1139 427
379 1501 52 465
380 732 448 158
381 765 971 18
382 2381 75 341
383 783 1202 180
384 772 646 367
385 2414 315 28
386 2496 1457 374
387 1566 2201 421
388 576 767 16
389 1887 1652 370
390 153 115 259
391 825 805 164
392 2296 624 465
393 2232 1440 241
394 240 2414 105
395 2041 392 415
396 1469 963 451
397 568 2279 248
398 1261 678 285
399 1455 2391 416
400 2157 2427 402
401 170 1316 452
402 1746 269 498
403 763 2467 290
404 227 2143 205
405 1272 687 149
406 1188 549 304
407 307 46 425
408 1839 969 78
409 1847 1025 364
410 751 1600 95
411 1168 733 346
412 1976 542 145
413 1782 141 23
414 1847 1366 245
415 1621 1721 403
416 564 1892 359
417 450 250 288
418 2437 2110 421
419 2477 1194 123
420 168 1855 395
421 214 960 118
422 1593 1926 9
423 750 997 153
424 2444 1585 192
425 971 2243 178
426 1807 1509 338
427 2225 565 142
428 227 1173 240
429 209 283 369
430 734 518 94
431 168 2308 198
432 2192 1427 470
433 666 902 230
434 34 1611 328
435 964 2316 210
436 1959 1187 287
437 1311 210 372
438 1966 376 497
439 1247 133 300
440 1739 76 378
441 705 200 26
442 2281 1467 125
443 2465 2064 179
444 235 83 357
445 480 1910 467
446 1862 1494 423
447 900 2198 213
448 1384 1993 450
449 1288 2426 489
450 1443 2200 294
451 1809 1819 347
452 341 1470 359
453 1735 657 287
454 1563 1880 36
455 2332 806 436
456 623 132 474
457 1215 238 248
458 1668 1591 376
459 888 1117 271
460 481 881 52
461 105 623 362
462 947 1520 110
463 1848 185 344
464 1689 725 347
465 1825 186 19
466 2320 1707 470
467 350 792 270
468 1325 884 224
469 1401 2357 270
470 1491 1348 255
471 1669 16 479
472 1072 863 59
473 1881 2453 71
474 1744 1039 409
475 1547 128 239
476 804 2365 280
477 357 1069 182
478 1099 2074 390
479 523 1499 314
480 216 514 304
481 1564 619 425
482 1236 2254 447
483 2014 996 70
484 720 200 468
485 2028 449 453
486 610 1857 483
487 1933 93 402
488 98 1026 41
489 655 784 106
490 120 360 265
491 755 2340 22
492 397 1143 63
493 1625 1773 368
494 1704 1509 286
495 938 2088 311
496 1416 1551 49
497 2352 261 472
498 596 234 183
499 1904 897 330
500 2443 2205 112
501 2053 884 155
502 167 458 433
503 432 1414 142
504 1954 1822 333
505 296 128 458
506 708 952 163
507 226 185 107
508 2040 2234 424
509 2208 2216 354
510 1039 1899 200
511 1988 554 367
512 1629 1577 21
513 445 1527 375
514 1485 1315 246
515 1031 689 131
516 421 764 417
517 691 1042 77
518 2314 59 31
519 1318 1290 42
520 851 262 75
521 1332 1774 394
522 1235 1412 239
523 1494 1874 182
524 2248 490 7
525 1154 564 127
526 398 893 381
527 2072 655 256
528 749 1159 232
529 1107 1963 293
530 857 1334 446
531 1723 1285 19
532 1917 1608 486
533 645 91 64
534 2118 1978 371
535 934 961 421
536 289 278 458
537 1150 224 301
538 105 1351 211
539 2038 284 239
540 951 727 6
541 2233 1498 449
542 1597 1372 54
543 1241 716 230
544 253 1625 413
545 148 921 371
546 1474 1985 33
547 2308 947 219
548 1183 140 8
549 2287 510 398
550 1112 1360 439
551 1811 1028 396
552 2131 2181 300
553 1378 2071 223
554 588 296 485
555 168 1320 236
556 945 200 30
557 467 588 478
558 48 859 436
559 1832 1867 330
560 2172 1909 221
561 2253 2363 250
562 1656 917 457
563 1649 1348 405
564 1054 1395 287
565 1032 750 116
566 1389 671 263
567 1610 1331 197
568 2434 1542 92
569 1671 694 462
570 522 442 394
571 2161 555 490
572 1956 2072 42
573 377 1963 331
574 2002 1026 167
575 1360 1781 41
576 2322 652 133
577 1205 1767 112
578 2438 1812 330
579 586 1193 162
580 446 946 471
581 396 947 44
582 1071 1164 201
583 76 845 448
584 954 2102 262
585 1924 1624 80
586 2317 518 79
587 1181 1601 252
588 5 739 230
589 563 45 5
590 198 684 262
591 944 287 193
592 69 1704 123
593 727 170 131
594 1997 1557 278
595 2346 1836 120
596 635 1752 327
597 835 625 100
598 199 1238 246
599 1739 2148 228
600 963 2279 274
601 1986 2217 479
602 2265 1023 110
603 1184 813 321
604 103 681 407
605 1082 2163 7
606 909 1297 259
607 1011 1304 279
608 582 110 108
609 1323 2325 396
610 503 1250 160
611 64 2411 131
612 1603 1907 95
613 1251 1391 396
614 2495 725 389
615 1193 1691 38
616 2117 573 475
617 2427 737 310
618 844 668 304
619 521 1533 2
620 1011 1757 12
621 1112 47 73
622 860 2480 277
623 1258 2061 457
624 224 2344 26
625 256 2267 4
626 2160 892 363
627 1709 795 463
628 2403 1597 50
629 2116 133 363
630 2024 611 206
631 1671 2306 484
632 93 1864 237
633 592 1746 290
634 40 569 248
635 853 1251 432
636 1637 974 319
637 638 730 373
638 618 768 203
639 1143 2367 353
640 2455 31 367
641 351 820 45
642 815 2236 334
643 1039 974 395
644 2026 2372 339
645 2226 1032 49
646 2312 1773 500
647 778 1171 38
648 518 1923 238
649 1359 1753 289
650 1122 133 150
651 1385 680 305
652 584 748 359
653 2202 1962 81
654 2223 1074 349
655 1075 571 326
656 373 782 451
657 885 795 161
658 92 1265 375
659 1366 2316 107
660 1351 1187 240
661 473 1112 394
662 661 537 223
663 2196 2003 432
664 2297 1398 408
665 960 1196 144
666 400 1796 228
667 751 1735 431
668 1930 1527 72
669 1324 560 450
670 1473 2028 379
671 2052 664 469
672 1643 2072 372
673 184 1424 80
674 2487 11 482
675 2034 377 314
676 1918 1311 117
677 1811 248 352
678 71 1600 41
679 343 732 473
680 1551 1387 63
681 1055 1660 214
682 2063 525 324
683 1269 2175 473
684 1179 673 318
685 19 1974 205
686 1870 1995 335
687 467 798 280
688 1872 1125 213
689 1422 553 330
690 859 2329 142
691 2022 2164 223
692 1155 834 132
693 2389 255 300
694 57 2277 500
695 439 2404 48
696 1457 1119 123
697 523 740 165
698 1104 28 43
699 1211 871 489
700 1377 903 499
701 55 449 97
702 974 1401 62
703 27 2292 340
704 284 1577 305
705 2463 1616 201
706 1698 2314 383
707 1269 972 347
708 2499 2065 27
709 2337 778 224
710 1495 1507 5
711 832 992 493
712 1094 394 135
713 1044 755 323
714 166 168 390
715 2328 1381 408
716 746 1584 380
717 1320 2107 450
718 2485 1014 183
719 2026 62 308
720 453 770 452
721 1927 1334 14
722 507 638 187
723 2428 406 29
724 734 1702 67
725 2275 1870 477
726 128 31 358
727 1656 1033 84
728 539 70 54
729 1741 2245 445
730 2014 2053 59
731 948 22 178
732 2435 1588 147
733 186 1005 167
734 2054 1011 57
735 1333 2466 63
736 620 1504 390
737 472 2004 84
738 2086 1093 141
739 1609 183 363
740 2107 2382 370
741 132 606 14
742 2444 698 376
743 1208 1197 40
744 872 15 73
745 122 2022 256
746 1748 1382 312
747 2262 58 440
748 265 665 242
749 2030 1041 443
750 1940 37 312
751 1080 2183 457
752 800 1872 424
753 1123 1061 103
754 2457 441 412
755 2404 46 434
756 112 1039 433
757 486 1245 86
758 638 1070 108
759 1399 1750 144
760 997 709 86
761 470 632 484
762 684 231 378
763 2346 1153 444
764 1583 1952 214
765 1446 513 359
766 732 2169 7
767 709 956 33
768 405 1196 277
769 791 2190 85
770 2349 768 367
771 1529 1791 106
772 1087 2294 186
773 2084 1511 489
774 919 305 205
775 93 140 25
776 1734 1222 29
777 760 628 439
778 570 1980 322
779 764 1575 401
780 1309 1284 72
781 240 1393 81
782 220 2046 374
783 517 1956 123
784 417 723 106
785 1963 2431 195
786 1548 1335 204
787 2395 1976 377
788 2198 633 226
789 675 1737 194
790 2212 2307 327
791 480 798 281
792 481 2132 89
793 9 504 266
794 1379 2071 282
795 2414 166 161
796 1282 1809 254
797 2436 403 345
798 1585 1555 417
799 710 2096 482
800 1601 978 332
801 1575 771 108
802 200 1711 147
803 510 163 91
804 1298 2084 238
805 1589 1247 289
806 131 1099 40
807 1505 2153 236
808 862 1424 440
809 911 1230 427
810 541 1316 48
811 137 2231 129
812 314 457 442
813 434 561 343
814 616 1453 346
815 2041 1082 434
816 2316 2008 153
817 1298 359 164
818 1758 2443 179
819 1460 801 140
820 291 1056 177
821 971 236 305
822 1021 733 382
823 2263 878 398
824 1201 1487 78
825 1966 570 442
826 2027 540 61
827 1719 1232 369
828 95 105 352
829 2481 552 154
830 628 1835 127
831 564 2463 218
832 926 668 210
833 256 993 381
834 1439 690 272
835 1671 851 239
836 1357 1206 380
837 2392 1701 295
838 1176 721 478
839 1285 292 173
840 638 1248 313
841 2199 1743 120
842 264 1296 430
843 741 1258 226
844 2275 860 191
845 1500 1562 177
846 464 1339 184
847 1219 1093 166
848 441 2442 137
849 817 302 80
850 833 429 373
851 656 2387 468
852 1233 1223 19
853 643 2027 92
854 1345 1166 394
855 588 958 359
856 1927 1691 438
857 1451 1374 134
858 1555 1326 125
859 1166 1195 150
860 2271 2021 160
861 211 2220 117
862 2033 2027 423
863 70 1241 113
864 1727 878 283
865 2464 1552 432
866 90 510 258
867 1996 2488 286
868 2043 527 154
869 1475 945 250
870 702 2375 47
871 733 1032 197
872 2373 1791 264
873 303 740 157
874 269 1523 320
875 2293 1601 40
876 1764 717 364
877 1042 1484 112
878 1153 1372 219
879 2077 2273 367
880 468 978 491
881 1680 1160 264
882 1634 2069 98
883 1406 661 376
884 833 1244 148
885 1385 247 307
886 1809 1380 99
887 838 666 276
888 849 1603 47
889 302 611 301
890 2468 221 184
891 1342 2080 282
892 2377 378 97
893 1112 2167 283
894 296 1091 296
895 1318 2226 351
896 812 1455 288
897 1713 1279 456
898 2388 542 373
899 1434 44 299
900 549 2082 77
901 2144 47 374
902 194 872 122
903 2482 1818 218
904 546 300 89
905 1324 1032 88
906 206 2389 334
907 1416 722 89
908 1074 1143 393
909 2461 1204 308
910 374 1396 472
911 885 445 366
912 842 1375 297
913 1974 2164 460
914 1005 1267 362
915 1763 252 437
916 765 989 184
917 1407 470 453
918 840 2459 256
919 495 882 389
920 1129 744 76
921 392 277 470
922 1303 29 120
923 1264 1770 177
924 1894 1162 221
925 515 1378 95
926 1237 937 60
927 242 897 185
928 672 971 92
929 2080 343 51
930 886 842 445
931 324 1485 311
932 1246 1548 304
933 2430 1879 420
934 1807 2237 140
935 2030 1346 242
936 1103 1784 253
937 5 808 479
938 2377 1623 444
939 307 1175 319
940 1421 2440 334
941 2183 836 463
942 2295 698 498
943 1925 2255 225
944 2425 1261 369
945 1316 1850 280
946 1497 1372 249
947 2250 486 23
948 361 1955 135
949 1964 1462 490
950 1010 312 497
951 1809 5 422
952 350 2413 249
953 296 1733 298
954 265 838 223
955 839 1241 265
956 121 1685 214
957 1092 2383 129
958 1361 2231 407
959 392 1367 42
960 1581 102 39
961 1568 2415 151
962 2332 2490 294
963 1647 451 90
964 424 1738 441
965 933 1449 344
966 2045 1269 412
967 2457 1348 208
968 1266 1221 130
969 827 1491 339
970 2314 735 6
971 1393 1068 470
972 2220 414 498
973 278 1117 111
974 717 2411 358
975 1167 889 234
976 1502 117 375
977 30 2164 424
978 1368 786 103
979 1151 1906 262
980 684 791 140
981 1156 641 298
982 2191 715 183
983 2486 1552 495
984 1579 815 483
985 2111 1451 78
986 2369 557 436
987 1171 1521 292
988 487 1509 381
989 188 863 394
990 843 989 458
991 1610 2044 346
992 2066 1465 322
993 1034 524 190
994 538 1590 240
995 1394 164 359
996 319 2054 474
997 5 653 69
998 2117 1725 19
999 1561 500 480
1000 713 1166 191
