1 5666 26097 427
2 28867 4702 1529
3 8797 2525 2929
4 1783 21689 1865
5 3211 12171 2653
6 24935 29680 1786
7 7493 2038 111
8 11934 3088 1671
9 14840 28927 1046
10 602 21945 1264
11 26748 2157 50
12 18730 3026 1756
13 6030 12307 588
14 2437 29464 1637
15 17924 3695 2041
16 13686 1725 565
17 1003 16138 2472
18 24000 12718 500
19 17223 17821 1774
20 11782 5575 813
21 17586 12655 1081
22 14980 21147 2239
23 21377 11166 823
24 21708 19546 2432
25 18317 17383 2997
26 17375 22393 1878
27 29923 29235 888
28 1418 25244 380
29 24068 1495 261
30 5833 19056 1798
31 20529 13393 493
32 24146 13288 1934
33 1676 1575 2589
34 28893 9477 2151
35 7943 1222 2715
36 22099 28745 1409
37 4179 12293 787
38 19198 2223 2056
39 16044 25877 974
40 20826 28567 381
41 25829 25805 2643
42 13172 6240 2027
43 3503 28713 1453
44 5338 29677 2845
45 27701 26695 2869
46 13351 18198 806
47 7057 2826 2106
48 12644 2448 2216
49 16400 1278 525
50 28958 3865 2851
51 6527 27272 2127
52 15318 5674 2044
53 10876 14517 1813
54 8400 15052 2987
55 19448 29226 701
56 17768 3979 172
57 1162 15342 2829
58 28452 9837 2277
59 6511 7545 1934
60 16838 9065 1581
61 796 9252 2952
62 17356 23240 2726
63 8483 27910 1507
64 25642 26752 1175
65 663 11667 2471
66 19263 20835 892
67 27281 13920 2291
68 18238 15324 704
69 25034 22861 657
70 27477 25216 275
71 22782 292 2625
72 13106 12732 104
73 3949 29077 1640
74 29188 19717 2214
75 15205 22497 1692
76 1337 29019 1126
77 1396 20609 2943
78 2096 21145 1231
79 2145 22430 96
80 17921 11462 1046
81 2329 14180 1862
82 13748 21798 1717
83 10290 1680 1359
84 15377 11729 1497
85 20022 22995 1282
86 8657 10235 1528
87 1075 29345 1772
88 3595 29723 808
89 13950 26730 2126
90 11241 21008 66
91 15033 17713 2339
92 10699 14972 1789
93 7450 7515 750
94 5945 7173 1527
95 24541 7221 1287
96 5745 27555 1575
97 17884 15232 2910
98 9869 24108 413
99 28356 16311 2928
100 21547 17689 2673
101 17508 12745 1658
102 4452 1179 1146
103 10643 24122 1817
104 9903 14697 1912
105 15395 28666 2605
106 20547 20416 760
107 17176 26459 781
108 27516 7575 1329
109 19480 19124 1709
110 23962 14289 1911
111 7430 19679 2576
112 29526 26856 849
113 25088 6134 2113
114 25220 28025 1200
115 23633 22431 1821
116 23238 25556 1749
117 26377 9906 1760
118 20510 16285 83
119 12113 20880 1584
120 28575 2233 404
121 6764 4173 2550
122 3449 17001 1548
123 2684 18359 397
124 23917 11773 1909
125 17870 28530 113
126 15943 9899 493
127 152 25537 218
128 20159 9344 406
129 28130 15135 2813
130 20034 29907 13
131 24833 17570 2919
132 1006 22536 2562
133 4492 22158 2695
134 12919 19120 2203
135 10212 3735 2163
136 25728 6763 796
137 4177 25935 1402
138 7819 12796 1669
139 23136 28923 2378
140 4679 7150 2606
141 24138 28220 673
142 369 7082 1075
143 28209 23595 1738
144 10050 16685 938
145 24009 16622 1300
146 27837 20219 869
147 23325 26880 559
148 23471 1313 788
149 12110 14220 2108
150 4975 19672 2038
151 9758 19253 2770
152 27673 21127 1317
153 2733 20995 1592
154 2327 16023 172
155 22579 6927 1031
156 1678 15739 1610
157 2354 24194 1791
158 21093 11235 2074
159 9331 14893 1793
160 2908 27362 674
161 10279 25154 276
162 6868 26596 1017
163 3743 26263 2493
164 5686 26399 1967
165 1735 7861 1393
166 2793 8580 1888
167 19204 28494 66
168 15118 2729 1703
169 11717 23881 1655
170 23884 26909 1415
171 20943 7810 329
172 5543 27950 2890
173 19333 21663 893
174 15471 3509 908
175 15927 15665 2349
176 3418 12588 2557
177 9483 25715 2684
178 28966 27958 1344
179 20134 10950 974
180 10139 5495 2295
181 29 16841 1012
182 6509 22158 2102
183 178 15513 921
184 26335 23387 1534
185 3435 29489 1714
186 29330 22568 1020
187 13083 3631 2510
188 12188 11201 2683
189 12160 13783 2569
190 6413 4624 2193
191 27301 22777 885
192 18298 21933 2969
193 27677 25376 1516
194 27099 26942 29
195 3640 3217 172
196 12472 29090 1975
197 7091 18106 960
198 16621 26365 2431
199 26285 16733 2867
200 7308 1569 1442
201 15037 23761 1687
202 6547 22900 1901
203 18671 18739 2267
204 136 4383 2170
205 9974 12127 1262
206 16414 106 2936
207 21343 10188 921
208 1765 23166 171
209 3231 25852 2631
210 12354 22039 2532
211 24625 28027 2879
212 26694 27672 2352
213 25140 10273 612
214 14997 13933 126
215 17354 27747 1236
216 19930 2293 2082
217 13647 1380 1855
218 3577 25971 955
219 3768 18681 169
220 22798 9390 223
221 2947 21631 2491
222 13450 5997 345
223 29971 6477 2418
224 8861 24234 2060
225 2130 6300 719
226 20605 9097 2198
227 26246 18148 2268
228 26233 16488 2699
229 15529 7482 2088
230 18869 4362 2957
231 15384 26635 55
232 19051 10908 692
233 722 13985 1082
234 2081 20722 925
235 8087 28028 2369
236 26869 20263 528
237 21453 23461 110
238 7993 22045 583
239 14876 8145 1311
240 9415 18046 2888
241 21132 9618 507
242 25132 22447 2718
243 24033 14646 2202
244 19982 10990 1682
245 12156 25627 1817
246 18951 24301 2967
247 4536 28086 2253
248 3440 16449 718
249 17396 26875 1407
250 18443 22661 2643
251 18675 1020 1821
252 8994 4917 1595
253 15458 1756 2757
254 28393 28609 2107
255 10824 22642 1609
256 29198 22273 1616
257 28521 17523 1093
258 5693 16342 2616
259 612 2364 600
260 12369 29914 2083
261 22617 16668 1791
262 14908 12441 1744
263 12372 8394 2370
264 6794 7218 2730
265 25057 26049 2675
266 29284 4737 771
267 2984 4398 2742
268 11705 8705 899
269 22912 9167 2677
270 7975 19765 2414
271 24507 4592 1822
272 14639 27127 846
273 15032 18135 2251
274 13942 6546 1978
275 28809 3529 828
276 11913 23532 2504
277 16098 26271 738
278 17601 5459 909
279 27117 26454 1269
280 13042 4909 1337
281 9236 6341 1753
282 14328 14182 2131
283 16703 22659 2886
284 8114 27971 637
285 20700 6422 2612
286 13452 23850 225
287 7629 5313 424
288 22210 15096 1079
289 26365 18845 2358
290 17859 9681 785
291 9001 19865 1341
292 7019 11861 940
293 1595 26593 1957
294 22230 24344 2384
295 1996 17318 1101
296 19354 1361 2741
297 28612 524 1938
298 29887 25764 622
299 16715 2228 1098
300 8901 5026 2776
301 6996 13333 2489
302 9467 29538 1883
303 12882 5955 1243
304 26693 26370 905
305 6333 8833 2125
306 25086 16798 2021
307 8917 5748 1641
308 14089 1665 1349
309 27418 17765 1605
310 13131 18785 1071
311 7490 4415 2728
312 26715 11407 2261
313 8470 7379 836
314 8105 22929 1016
315 19190 23956 2305
316 2784 4889 164
317 23101 8868 2184
318 5501 23037 1065
319 18874 4580 1864
320 16869 11492 164
321 6686 23319 2611
322 5059 13624 1104
323 22264 4534 968
324 10079 6924 610
325 20634 894 2528
326 19800 13985 945
327 18964 1083 1289
328 15431 16435 1815
329 28467 14539 2125
330 12882 25187 999
331 8495 11356 2116
332 6615 25347 1103
333 21403 18037 976
334 6983 9429 2379
335 2903 16069 1352
336 9207 17109 1000
337 8770 15356 2290
338 29269 20427 607
339 3356 5238 2734
340 8002 14549 1437
341 24676 26438 64
342 24497 12734 2127
343 5908 24103 2948
344 1665 20269 1319
345 9756 1297 146
346 22016 17148 2373
347 11933 12296 2848
348 4379 26003 1472
349 12228 28955 974
350 12472 25278 2198
351 7196 5679 2194
352 29879 5590 1361
353 17090 16851 1629
354 25106 27296 2362
355 7775 8198 1247
356 1278 10566 184
357 9438 22774 1498
358 12512 25072 1427
359 6682 23567 2127
360 23117 11737 1367
361 5977 9474 2405
362 4764 10103 2158
363 10923 23820 1043
364 2388 29664 2485
365 29456 16231 610
366 8902 15941 2420
367 19638 4566 2727
368 86 7759 140
369 26022 878 2151
370 21020 22190 385
371 11711 15868 623
372 18817 230 2843
373 18003 14954 2838
374 24183 18482 380
375 20043 22798 281
376 18064 621 708
377 16310 15732 2556
378 24096 3567 1331
379 10333 14486 1742
380 22965 22456 2705
381 17749 26157 1034
382 23744 16041 2842
383 20212 13529 1863
384 9067 4451 763
385 7915 29742 518
386 10940 29836 472
387 19786 2540 772
388 8393 11399 1280
389 28661 7179 770
390 21299 10275 2248
391 26397 18451 186
392 25463 7211 454
393 29367 2381 2994
394 8137 5442 2668
395 10991 1460 2922
396 16737 21605 160
397 11303 24870 456
398 27188 27299 799
399 12340 13113 262
400 19725 4672 2977
401 3427 28735 2329
402 5220 5979 2289
403 18575 698 1390
404 27305 18189 532
405 18703 10059 295
406 14935 24983 29
407 14712 24038 1248
408 21289 23522 1677
409 20884 3091 882
410 19707 15805 535
411 9647 16084 2730
412 10474 10953 1291
413 5652 9481 2734
414 16081 8201 2371
415 10929 25628 2616
416 17424 8404 1398
417 5365 11126 2188
418 19444 3343 179
419 14915 2256 2802
420 28782 16822 619
421 22784 19083 647
422 22661 11833 1559
423 16613 7235 2427
424 23121 28167 2305
425 29870 20761 2228
426 14316 29054 961
427 3735 22858 1395
428 27078 5621 849
429 3364 26452 431
430 9151 11424 843
431 6101 27718 1249
432 2324 29294 1591
433 6151 27930 642
434 212 26977 2471
435 6494 15088 2769
436 15984 22520 458
437 9923 16043 1741
438 8513 6868 1978
439 20598 26384 1555
440 11834 18995 446
441 11459 12330 1620
442 9061 26560 635
443 2160 27673 1181
444 26871 10401 1361
445 5348 26802 1678
446 2303 10151 1975
447 17604 21284 2100
448 21658 21749 2341
449 12447 27692 1435
450 22128 7084 444
451 5339 4947 2000
452 14684 4848 249
453 12931 20745 1478
454 21623 13240 1754
455 18335 18557 2093
456 185 8191 1734
457 29072 15614 81
458 7537 16577 2009
459 3660 2155 944
460 25777 16956 2124
461 2757 10756 2147
462 5766 10848 2834
463 18044 4895 732
464 25002 18209 501
465 8714 23321 1464
466 10678 28322 2268
467 3080 19130 2314
468 189 18052 756
469 14937 23656 2883
470 6572 23447 2859
471 24515 15972 1170
472 12506 2962 34
473 29283 15285 1384
474 11506 20676 2583
475 13163 29843 1246
476 9082 19887 1037
477 20109 27695 2682
478 14655 25803 2556
479 19122 14497 302
480 19946 28078 2427
481 25584 9708 2324
482 22861 21172 1163
483 16713 71 2714
484 12424 8476 1487
485 7381 27423 907
486 6434 7163 2263
487 2848 28384 1457
488 11515 1629 1988
489 14301 26738 2327
490 7889 20538 2209
491 10548 122 203
492 5562 14939 823
493 29843 7641 1280
494 8827 12870 2662
495 11827 6533 129
496 15333 28753 1763
497 8103 25771 2678
498 1059 8988 584
499 3642 21797 292
500 2195 1689 1487
501 13618 1374 628
502 29163 14574 1611
503 15939 3894 1245
504 11902 18712 2389
505 8925 10359 749
506 514 25608 762
507 17749 24272 591
508 19699 11356 2454
509 25635 18297 1166
510 23677 20738 1359
511 17572 6852 2217
512 28609 19704 1887
513 29285 13952 2044
514 10560 15400 1314
515 19634 21722 1170
516 27792 27627 1702
517 29746 10450 1705
518 2659 22443 2750
519 29548 6131 2390
520 6720 19150 339
521 13280 2184 2733
522 14079 23426 2549
523 6326 8492 1606
524 13989 7926 962
525 26946 2341 1848
526 13319 1583 745
527 14851 18666 2510
528 5293 6583 1851
529 18320 6060 1649
530 12803 27438 1883
531 26457 5687 2859
532 11279 15058 40
533 20091 19859 2970
534 25887 9060 1324
535 10717 8760 2483
536 2044 8881 375
537 27794 19731 1967
538 9613 8045 1923
539 2619 26825 2833
540 5112 15892 2632
541 4997 9758 2179
542 25272 3078 398
543 1478 9002 2126
544 23051 24064 1495
545 27426 17394 472
546 14633 19469 424
547 19152 1370 2309
548 27770 27584 1771
549 8313 26134 1905
550 4452 4399 1065
551 107 6244 1164
552 15718 1386 143
553 12877 21765 2713
554 4134 654 1535
555 23209 7319 1170
556 10167 2171 2956
557 11852 23694 2455
558 18330 14171 2136
559 11064 23588 492
560 22510 6031 465
561 27077 16184 739
562 13144 822 859
563 24952 18359 1352
564 11043 24022 955
565 25650 20344 800
566 7638 13533 672
567 26422 4782 2142
568 29695 13779 1622
569 11022 9495 443
570 17204 2996 2448
571 6325 19596 1801
572 19881 3162 2552
573 3589 1796 1866
574 8837 19419 427
575 16975 725 771
576 13576 7640 1354
577 14229 24683 2474
578 1677 4613 1538
579 17798 20149 1547
580 1332 10472 718
581 19713 25703 2440
582 20889 5758 1283
583 24697 4807 1234
584 2353 19263 156
585 25279 28913 185
586 4032 23308 2393
587 20345 1054 2921
588 28547 19460 259
589 23883 2728 2607
590 16442 4971 137
591 8594 2916 2776
592 29719 20881 366
593 16863 14725 2743
594 16604 11599 131
595 15163 9580 1820
596 29547 11143 193
597 8721 19063 1708
598 18009 18330 1247
599 19204 25330 976
600 7986 10836 2895
601 17167 4154 880
602 13438 3319 2126
603 22787 4154 466
604 13990 912 2232
605 25265 25947 19
606 20530 11970 604
607 13804 9557 1590
608 25467 2244 1413
609 23476 8977 2086
610 15562 3942 1320
611 1934 4808 2112
612 3271 22666 124
613 23516 29238 638
614 4975 3308 1097
615 17869 18798 1065
616 28250 14746 959
617 29474 5378 2259
618 25497 15478 147
619 26206 20629 1344
620 19540 14460 1160
621 9484 307 2717
622 8286 366 1109
623 19883 29664 906
624 22362 6826 2437
625 1420 10817 1310
626 20981 23556 901
627 344 20505 2334
628 14124 22857 1845
629 6136 23948 322
630 4944 21145 189
631 5041 28138 1864
632 2265 2137 908
633 25228 20864 805
634 1070 12737 2340
635 17713 24801 2975
636 22939 25367 2591
637 4634 27188 6
638 25018 24856 201
639 6234 15296 746
640 5574 22678 2101
641 15175 15201 209
642 13939 585 2447
643 12607 27344 1286
644 3670 23220 2554
645 1665 25630 510
646 16125 27914 2981
647 5486 3380 2872
648 13459 4083 2478
649 10211 8786 1446
650 26099 12368 1127
651 390 26412 2085
652 26993 10734 2111
653 29275 7608 43
654 16747 21282 2611
655 1966 2797 2684
656 27046 18861 1168
657 16672 4331 2951
658 27977 13284 1946
659 21362 8475 1324
660 23674 29320 266
661 24785 8160 1094
662 3436 4770 288
663 5588 22922 987
664 21006 10581 2064
665 14789 29001 249
666 6029 4622 2462
667 3296 21566 820
668 913 4543 2223
669 4972 8512 2848
670 28857 4579 2937
671 28976 5494 2489
672 6881 9745 2275
673 550 7857 2318
674 7769 14089 716
675 21567 6412 2202
676 6528 22698 492
677 10186 23447 1648
678 1713 2434 942
679 23902 7240 561
680 6225 19532 1324
681 2769 1695 2282
682 11409 14639 181
683 25957 24539 689
684 25343 18922 1187
685 21051 4191 446
686 25362 17365 1375
687 6725 15085 2944
688 3253 700 1300
689 11584 29218 304
690 3248 5806 106
691 11606 13973 1873
692 23477 26980 795
693 1231 5508 757
694 8829 18128 1115
695 959 16096 2445
696 12120 6415 1707
697 7609 2946 2431
698 11166 15542 538
699 186 25308 2978
700 25842 519 2855
701 10827 7327 2629
702 11446 25984 2755
703 15209 18156 2986
704 17785 302 1476
705 28706 27848 2795
706 26886 17490 2354
707 14314 27742 1441
708 16398 6943 834
709 12613 9363 1094
710 11524 12792 1999
711 29318 27916 1569
712 6505 26266 440
713 16125 29321 2096
714 3032 17475 803
715 12610 9591 1789
716 1045 3677 2931
717 2275 5965 2806
718 3747 6304 2008
719 23060 5626 2296
720 13404 17908 2610
721 9963 7175 610
722 4913 2129 2836
723 23694 21354 1983
724 21134 22100 433
725 9102 24990 1831
726 25041 4979 2353
727 16477 17046 1175
728 8976 8033 1346
729 25386 16575 1139
730 16343 5238 2951
731 17512 21860 331
732 26308 27635 2035
733 19890 3121 684
734 21498 26683 1810
735 8854 21700 2911
736 14768 26501 1947
737 3013 27799 1393
738 14296 10477 1721
739 416 6192 979
740 18898 18918 1012
741 21925 29319 1580
742 22183 14139 2949
743 9114 28640 2431
744 18525 28691 548
745 4408 13956 1660
746 4909 29136 1166
747 3191 23177 2770
748 7964 26586 1493
749 17437 12157 1405
750 9173 28484 1294
751 26700 25587 1516
752 10701 5338 1828
753 27924 8747 2430
754 28280 24868 1876
755 29625 10554 1236
756 26474 27013 207
757 12247 20396 917
758 29367 3973 2948
759 28708 25134 2593
760 1173 12723 1857
761 2355 5594 1847
762 24816 27761 1068
763 26762 19358 740
764 19768 7673 691
765 9237 26964 72
766 4869 13027 2635
767 6265 24378 1237
768 1794 2184 2428
769 20159 26251 1622
770 15029 3646 1775
771 14170 28909 2717
772 25976 16363 1767
773 9488 6000 1925
774 22557 28800 1554
775 4563 25084 683
776 20273 28352 826
777 7190 925 1735
778 28146 29003 1903
779 29350 9459 2878
780 4144 8550 1826
781 29621 10794 2391
782 27234 3416 2725
783 5182 27235 1776
784 24721 13952 1107
785 27027 26551 282
786 22850 29935 566
787 8739 14450 179
788 25043 1355 1775
789 1079 4777 374
790 21817 11941 2088
791 16808 5537 1364
792 1621 26330 1762
793 3054 24364 2763
794 28588 9186 2987
795 28867 18057 2697
796 9576 2998 1985
797 5444 17877 725
798 16859 11772 576
799 21051 26830 2268
800 22500 14023 1732
801 10133 24229 490
802 7226 13439 378
803 15842 28105 1189
804 2552 19380 740
805 14194 5915 255
806 11177 8777 405
807 26314 24401 740
808 2579 16801 1218
809 9801 25737 1441
810 17038 15103 470
811 8005 14134 58
812 8699 2946 509
813 9156 5730 1228
814 4298 22499 2526
815 21380 1176 99
816 21173 6273 2993
817 11442 14135 767
818 1112 1263 2261
819 22848 14477 1503
820 236 10883 2533
821 19246 11120 1291
822 10057 27653 958
823 2165 15032 2658
824 17962 16218 562
825 19095 27767 1138
826 8937 12030 2582
827 24237 15669 1725
828 29561 7413 2547
829 24746 24286 2413
830 20460 27565 1342
831 5477 1456 409
832 4244 1060 2391
833 23125 19087 1410
834 1375 28335 935
835 18212 29018 1335
836 1277 28590 1949
837 27272 5671 835
838 11415 11916 1647
839 29091 18625 812
840 4938 11800 155
841 931 23616 1915
842 25296 924 758
843 14037 26711 584
844 25836 5081 1042
845 27372 21128 1792
846 23954 29707 1985
847 20402 28002 1921
848 22136 25702 143
849 1366 15007 437
850 6009 26318 1525
851 26696 20252 1291
852 5701 7524 14
853 5302 27792 362
854 16676 3816 2938
855 19635 11335 1550
856 6558 15460 408
857 7364 6004 2090
858 3537 15684 2344
859 16143 26227 601
860 3217 13773 1037
861 19732 1291 1478
862 6035 15002 578
863 19186 91 2802
864 2140 2889 1271
865 1879 8771 1248
866 29643 22557 1665
867 10781 14378 2623
868 21940 22774 2110
869 27653 24295 2997
870 4548 17287 1363
871 4256 3319 1415
872 12686 25008 1982
873 4108 12569 544
874 10097 5526 2623
875 11254 20268 2967
876 24333 25112 2331
877 7387 1241 86
878 29476 24413 2502
879 1243 4539 2174
880 22762 14176 2600
881 3742 23219 2279
882 10886 4046 1742
883 24610 22918 56
884 27366 2284 2199
885 1067 8076 778
886 12784 1443 2121
887 27258 22266 1619
888 13648 10317 99
889 28234 20144 1302
890 9044 12702 1384
891 6486 26486 1085
892 25982 28589 1692
893 1385 29995 394
894 29755 700 2914
895 6522 25897 2965
896 24023 1906 1155
897 5089 16739 33
898 2301 18182 335
899 10566 21343 2324
900 530 13773 1352
901 28790 28585 2582
902 22105 23215 1897
903 6073 20519 1835
904 8399 18930 2042
905 18198 24577 1251
906 24190 18475 2082
907 26469 1067 398
908 22320 11746 1560
909 23432 18639 1909
910 10853 3141 216
911 8844 26433 783
912 11596 28135 336
913 4429 10997 167
914 23035 5997 2712
915 6953 6713 2528
916 11424 13904 1576
917 2364 5130 482
918 13787 26145 1253
919 11169 22636 1387
920 25737 20135 384
921 19035 13778 643
922 9948 3199 1860
923 28382 6704 1302
924 27848 28578 533
925 23390 11267 1498
926 6910 25677 839
927 29399 3549 1024
928 23145 22824 294
929 11048 19086 2391
930 3197 1880 201
931 14319 24127 2753
932 5533 8749 113
933 23749 28008 2386
934 25826 28381 1129
935 9509 29497 1103
936 22285 13253 2942
937 5865 24271 474
938 26179 15081 2444
939 14032 12736 2906
940 26289 15960 1739
941 19417 17583 1253
942 12191 14724 1130
943 22144 20598 890
944 16589 23249 332
945 21191 2707 2218
946 27475 29922 2698
947 5004 28621 834
948 28946 11781 202
949 18593 11779 1898
950 1068 28605 242
951 17723 19682 321
952 11217 969 2933
953 15528 22689 166
954 27251 25448 2482
955 16424 8710 1833
956 13773 4819 1540
957 8396 8860 2235
958 23336 6692 2144
959 10157 23228 2767
960 9848 13054 314
961 18494 5242 1245
962 22799 12676 154
963 3556 18877 474
964 20701 29982 2525
965 5043 21468 2174
966 28886 24597 2634
967 14718 27089 2974
968 5145 7164 1002
969 6970 11534 1545
970 16126 22630 418
971 22291 25714 2387
972 16371 8587 2503
973 28668 9153 1718
974 12917 23140 718
975 29279 330 2159
976 26435 29672 1409
977 23382 21945 2782
978 12207 21237 9
979 8493 9185 1914
980 13162 13744 1622
981 1379 5600 2084
982 13241 495 2786
983 21870 18787 1565
984 12482 296 943
985 9107 18741 2041
986 14580 4062 2863
987 20762 14200 2581
988 23081 26701 1055
989 20586 13244 1535
990 25339 13114 440
991 17390 11242 2842
992 20175 14087 285
993 7888 17784 903
994 8002 14846 449
995 15868 28436 633
996 17206 26934 310
997 15657 28703 528
998 28663 18831 2223
999 13437 16914 2110
1000 11936 10289 2790